1	3	3	1.25
2	4	4	1.25
3	1	1	1.25
4	2	2	1.25
5	1	4	
6	1	3	
7	4	1	
8	2	2	1.25
9	1	1	1.25
10	3	2	
11	2	4	
12	1	4	
13	3	3	1.25
14	1	1	1.25
15	2	1	
16	2	2	1.25
17	1	1	1.25
18	1	1	1.25
19	4	4	1.25
20	4	2	
21	3	2	
22	2	2	1.25
23	3	3	1.25
24	3	3	1.25
25	2	3	
26	2	1	
27	3	2	
28	2	2	1.25
29	4	4	1.25
30	4	2	
31	1	2	
32	4	1	
33	2	2	1.25
34	3	4	
35	3	3	1.25
36	4	1	
37	1	1	1.25
38	3	3	1.25
39	2	2	1.25
40	3	3	1.25
41	4	4	1.25
42	1	1	1.25
43	3	2	
44	1	1	1.25
45	3	3	1.25
46	3	2	
47	3	3	1.25
48	4	4	1.25
49	1	2	
50	2	1	
51	3	3	1.25
52	1	3	
53	2	4	
54	2	2	1.25
55	2	4	
56	2	2	1.25
57	4	4	1.25
58	3	3	1.25
59	4	2	
60	4	4	1.25
61	1	3	
62	4	1	
63	4	4	1.25
64	2	2	1.25
65	1	1	1.25
66	2	3	
67	1	1	1.25
68	2	2	1.25
69	1	4	
70	1	1	1.25
71	2	4	
72	1	4	
73	1	2	
74	3	3	1.25
75	1	1	1.25
76	2	2	1.25
77	3	3	1.25
78	2	2	1.25
79	4	3	
80	1	4	
			57.5
